50 1000 10
17 50 31470
11 14 19965
2 11 7784
20 48 22577
13 7 1856
9 12 15299
10 7 3059
2 9 17017
39 21 4761
14 12 30289
47 7 8417
16 8 25317
35 38 11433
34 5 6644
23 5 10258
35 5 30256
22 9 17095
41 15 18838
40 3 12309
19 33 6799
35 8 25437
40 9 29521
30 22 29588
33 34 16602
15 30 14637
4 9 4469
40 7 19132
14 2 17878
40 21 12151
30 32 4073
40 1 19471
19 3 26274
22 26 918
29 33 14460
39 36 26975
2 13 11880
44 31 560
16 15 20295
1 28 16914
15 26 22625
26 16 416
14 34 14659
22 7 24753
33 12 25101
17 27 17827
43 41 2341
38 49 12215
38 18 18867
3 17 14402
2 20 3713
12 19 12696
24 15 13591
22 14 1321
15 33 23133
4 46 3804
15 16 30464
31 12 19488
11 1 12770
21 3 29244
16 25 13454
25 31 23501
50 37 18789
9 11 27277
3 9 32679
30 18 28797
22 36 21791
3 16 28579
9 30 31132
4 15 1220
41 26 22556
21 40 6932
14 28 31609
13 19 28457
44 33 10563
33 10 24795
3 46 18175
29 21 26527
24 16 22950
7 33 30673
2 39 6717
32 21 28580
11 13 17918
27 17 31064
7 2 19675
14 27 10720
37 49 30286
44 9 20258
10 37 20040
9 20 27755
10 26 29182
45 47 18203
49 10 28640
13 47 329
7 26 5177
37 45 25572
32 14 3753
44 12 27627
30 38 32645
5 33 19773
11 18 14984
13 16 25267
16 36 15969
24 10 13953
37 18 30975
16 28 16151
31 6 32420
10 1 27632
13 6 28205
50 7 31510
22 38 26389
27 10 6977
49 44 17931
42 9 26591
50 42 25418
22 11 9063
7 22 23013
11 22 2495
3 23 452
49 20 30627
6 28 19990
9 23 17739
8 33 16459
42 7 25034
21 27 9223
27 2 18895
22 13 25223
25 40 12247
39 29 31849
19 45 7334
45 50 22094
12 23 26607
14 7 3532
37 43 8834
34 20 32342
36 17 11243
32 4 32405
12 6 5
16 5 24420
12 32 29397
18 50 8345
13 12 9687
41 24 25098
44 5 12820
41 49 625
41 50 5846
3 6 30923
47 29 9956
35 17 10899
44 40 12598
46 25 4444
35 19 29662
23 28 20531
5 29 6563
24 34 2007
20 49 16732
37 23 2763
44 43 4396
43 39 32351
50 12 9906
29 23 22788
4 47 826
12 5 18861
26 4 28032
14 35 28227
40 24 1833
25 7 31138
20 41 14972
39 31 8801
12 13 30385
30 20 7066
24 37 25709
30 5 3847
45 16 26228
38 43 14271
16 22 22677
20 25 14064
8 27 26568
22 39 2862
31 39 9004
17 45 18222
44 14 10466
4 44 16917
28 26 7236
28 27 6418
26 13 17649
29 5 3392
30 14 20114
48 27 14853
19 14 12155
9 35 8033
50 45 20581
29 14 22771
34 27 14840
10 11 4919
41 30 30987
2 50 20878
28 15 17504
29 9 10631
28 36 19825
1 49 26078
40 10 18211
10 34 4586
39 38 24107
21 47 19627
49 23 28429
11 32 25019
30 13 2397
22 31 6133
31 11 5248
44 27 5495
23 34 12268
14 1 8149
16 4 28557
49 21 7443
22 37 11172
32 15 27759
3 47 27970
9 33 17845
14 15 23117
27 36 7339
48 24 24170
14 5 25329
23 18 13374
12 7 17997
37 30 10025
11 4 22816
30 46 28753
46 4 21500
28 14 4220
39 8 23088
14 46 29354
30 41 12370
8 31 11758
17 2 26166
48 20 24723
43 26 23153
6 33 27004
32 6 10975
49 11 8475
39 4 25326
33 16 22970
33 29 4195
38 31 11632
9 32 13131
33 17 27215
30 29 10508
44 6 23991
43 21 23517
48 33 26063
6 37 30470
9 21 7307
18 31 30136
22 49 20196
8 20 1104
32 8 30167
17 31 6511
19 44 16503
21 34 10030
25 26 23947
9 2 16795
41 25 14668
47 37 28498
41 44 29733
7 1 9282
14 19 19945
43 31 25039
32 34 17356
38 13 29287
42 15 27466
7 18 25638
22 16 21974
38 24 7653
44 17 14209
30 31 25283
37 22 23072
35 36 14792
38 23 23137
19 10 20173
8 19 25881
50 35 18388
21 50 9623
12 44 31342
31 47 20128
21 22 32294
7 11 12254
28 6 14878
18 9 18399
7 14 15222
39 26 23302
6 40 757
4 22 2287
29 28 41
25 20 5409
32 23 28235
2 14 30696
3 24 4051
37 3 15197
36 8 25307
24 29 11696
1 21 6196
44 13 478
26 49 26602
16 47 834
19 21 1604
30 28 12724
13 23 20750
49 24 7974
8 28 14778
43 15 28677
31 2 7271
47 11 30950
10 15 23329
14 33 30873
41 38 6629
39 34 27806
47 48 17599
19 5 29362
37 35 25710
47 45 1162
2 34 5703
23 45 16105
27 38 23874
41 4 5251
44 4 16413
16 31 6590
6 29 4412
49 12 10111
34 8 32173
11 6 22317
48 40 25507
37 6 1882
47 4 11993
20 28 1453
8 1 15494
42 22 2338
46 8 12507
19 34 23277
31 14 28996
26 23 11179
24 42 1306
8 15 29106
23 1 32318
12 20 17180
43 20 21600
29 7 6428
5 8 29096
33 47 7700
48 50 1221
29 17 12259
30 19 7973
9 50 19836
15 9 16821
43 29 30589
37 16 29568
35 2 10376
27 50 6027
30 50 10186
33 19 3714
18 48 7505
19 9 13190
6 9 13544
38 3 7686
49 46 1268
28 39 29236
7 32 5733
47 38 4600
5 2 3030
12 27 32366
42 16 5482
44 1 1266
16 26 22840
16 38 29327
7 47 18347
4 40 28609
39 46 21013
38 37 12390
16 1 7682
1 29 4311
24 39 2413
15 31 16956
6 35 27363
30 33 15942
46 30 14558
13 30 23497
1 36 19995
37 36 18195
14 25 30455
7 24 28409
34 48 12909
36 3 19414
1 7 22395
35 29 30728
36 40 7015
24 41 14932
46 47 11896
36 20 26331
21 10 21556
22 44 16094
48 22 4955
47 34 31747
14 21 26075
41 34 29094
13 32 6169
18 25 7320
48 3 7656
30 39 22033
45 11 28087
33 20 2501
40 14 25771
41 23 20010
7 44 1683
42 37 18370
33 3 12128
9 40 6257
47 46 12537
20 18 14259
50 1 20499
13 20 31471
36 46 23076
10 36 22128
22 23 22117
12 45 31348
47 39 5986
18 38 815
35 10 20752
46 14 6678
21 6 4561
49 33 25322
47 28 25399
45 34 4984
5 35 23230
33 42 22677
1 26 30638
11 25 14913
1 27 16955
9 29 16288
34 9 10495
10 12 21743
45 41 12100
45 24 27646
45 5 5350
3 26 31863
46 15 15189
35 34 31099
7 17 21276
16 19 5463
20 11 7827
25 44 29858
29 26 16932
39 50 23955
7 12 27828
21 7 15935
23 9 28487
49 47 17904
3 39 6250
22 17 10128
32 12 26210
26 37 23988
45 32 1692
28 29 25236
41 9 17270
11 42 28190
29 35 27394
36 13 17541
29 40 30813
27 25 16028
37 19 18651
49 40 18314
24 19 12873
48 4 17233
20 26 30958
41 21 25711
26 21 7588
14 9 11568
3 1 4247
42 18 9695
37 46 15383
20 39 13626
47 30 4050
18 35 31167
47 23 15080
17 47 4214
16 37 15618
29 11 22626
11 43 28241
9 13 24543
37 9 21101
33 37 8601
4 12 27051
8 6 31748
13 40 7102
37 7 19411
9 38 1892
35 39 23315
21 19 18805
32 38 2841
19 12 19349
29 8 26948
21 42 30827
39 1 20093
46 24 6006
28 11 6157
39 7 5508
34 38 28455
40 44 14549
44 49 12959
35 32 9280
44 18 15213
20 40 20375
1 2 31721
44 11 10796
1 44 10222
3 30 10799
50 16 4425
21 20 23216
33 8 16503
23 47 18296
5 24 5806
41 11 7579
25 48 28181
21 9 30553
8 50 1222
35 26 22872
45 20 11099
8 42 2160
31 38 32325
11 36 4697
3 43 4226
5 41 15602
20 1 5327
36 14 9502
11 15 15294
7 36 32586
38 27 19586
41 36 23027
44 28 26446
38 28 3371
27 6 30805
20 14 31221
13 43 22544
16 41 21133
3 44 32167
45 14 13546
1 23 1557
30 43 5985
16 18 6373
13 28 54
18 22 16266
22 40 22833
32 17 24305
2 29 2533
15 20 27111
27 20 5874
16 21 24065
49 32 7869
31 29 3330
28 35 10861
33 49 15584
19 48 31902
15 29 27776
4 20 28819
48 14 21272
2 24 10692
8 47 1175
38 50 29923
24 20 6310
36 38 9752
49 50 2751
8 35 32626
42 33 9012
24 28 24044
39 15 27046
23 43 14714
19 43 5760
31 3 26968
34 39 24334
23 25 14663
38 7 26043
19 17 16258
4 8 16862
9 47 22365
17 3 32650
35 50 22987
26 28 10686
4 19 24633
35 37 9195
10 47 26000
18 36 9398
46 42 18026
28 12 18109
32 39 398
30 17 8273
13 25 498
47 40 30689
41 39 10889
50 22 23605
40 16 9938
23 10 8534
31 13 10603
39 49 8769
18 40 15647
43 2 7733
28 13 11573
17 46 6077
21 38 31649
47 6 32351
16 39 14363
11 9 6925
34 14 27046
31 27 6842
16 45 23768
5 18 5641
39 41 29479
34 3 22826
9 28 28982
39 35 6737
22 27 26924
3 2 19887
36 15 23780
48 5 19643
16 7 30097
9 42 19548
12 18 2397
12 8 21081
49 25 6915
31 49 5455
25 33 21266
21 5 682
42 43 29973
45 38 11348
37 31 20667
10 32 32057
35 41 766
8 16 27676
19 15 2932
9 6 2417
32 16 2364
27 15 17557
24 1 5900
31 46 20749
50 9 10045
15 17 5251
13 3 14394
46 45 23598
41 1 575
7 25 16677
21 46 17272
14 26 3650
41 33 21510
28 17 27870
42 27 20662
50 15 24058
2 43 20100
35 13 19297
19 13 25670
50 43 25249
38 8 14654
28 50 26510
27 3 27783
27 47 10971
13 5 11429
3 48 29799
27 22 22307
10 48 29154
21 48 8728
38 32 481
24 21 31340
17 24 22821
18 20 24830
32 10 25750
21 31 15367
35 45 9529
23 14 11164
24 3 2783
15 14 15895
45 21 19879
20 36 11217
10 2 16923
46 23 24805
18 19 5507
10 5 4251
3 41 30566
44 7 27589
26 36 8022
30 11 16643
11 2 3229
2 19 31563
9 19 31257
27 19 32178
12 41 15196
40 37 23476
24 30 30154
25 36 9682
13 36 5910
24 50 20409
41 45 18601
2 41 32170
16 3 32257
42 20 9217
24 17 2291
21 45 6581
2 27 351
18 39 28160
44 26 15630
16 29 29349
35 27 20303
35 9 14617
39 17 12787
4 39 32690
41 8 7276
21 8 5595
29 18 30980
1 31 26118
16 6 8978
9 3 27903
36 34 5460
18 5 26323
3 12 26641
13 39 9054
13 15 30459
4 1 27680
18 12 28270
44 42 2353
15 48 24609
35 31 23907
40 23 18602
9 16 13747
12 48 17114
19 47 21140
2 18 28932
11 37 14481
42 26 17690
32 43 12637
27 37 1047
6 24 25059
10 28 30289
19 23 14508
40 4 29090
24 18 9673
45 18 1885
49 29 6463
34 25 19916
33 36 13398
46 13 8473
19 8 10299
19 41 32291
13 35 23136
26 22 6052
48 26 29792
9 45 9133
9 27 32492
23 44 22220
11 29 412
26 2 6075
13 29 13555
22 20 3324
49 2 18835
37 4 26011
22 33 25870
12 15 20133
17 35 17078
30 23 23767
33 23 7725
28 47 25176
46 37 185
9 36 31609
32 18 3842
19 40 4600
18 10 22396
32 3 414
28 34 4388
49 16 25078
9 31 9751
38 34 14103
25 50 21150
48 16 27100
46 31 5616
49 4 21767
49 43 29677
12 30 26574
20 47 4045
11 16 21588
11 39 7471
12 22 2402
13 14 32399
16 17 1795
9 5 5322
15 34 31701
39 10 10386
10 43 8098
50 30 10227
45 30 32085
48 31 24361
9 43 15011
21 44 14468
43 50 24498
30 45 12876
30 8 1656
26 33 9679
26 7 31565
20 16 23116
9 25 24214
45 6 424
11 31 19511
45 28 29793
1 46 30971
42 4 4383
42 48 1586
41 16 561
38 36 26438
32 27 21042
12 4 13865
32 25 32591
31 28 16738
33 14 14637
19 22 30570
8 21 11140
12 28 20280
41 13 2535
17 49 23633
14 18 15739
16 9 6580
20 22 13902
41 5 22490
45 35 20825
37 17 28164
3 19 24168
3 34 26486
13 38 10623
20 5 13086
50 41 5777
41 37 13501
40 46 13524
31 15 16766
22 34 19409
17 39 25335
20 3 28778
31 8 26192
28 20 12955
28 4 6111
15 13 21363
38 5 18971
48 41 10876
7 8 29399
23 15 25970
23 11 31999
19 6 28989
40 20 4214
47 12 16044
11 38 3789
18 32 32339
15 49 9230
49 13 24961
43 8 2525
37 42 11204
14 32 9470
47 43 13287
31 45 13867
42 29 23366
47 20 18749
34 30 27975
11 7 3181
47 10 31124
24 14 19784
3 35 20124
24 48 21397
19 32 2572
8 5 17320
50 10 31696
14 41 26155
47 27 7227
46 5 8142
22 43 8202
37 14 9107
22 50 22829
28 9 2007
10 6 18669
39 47 17621
13 45 12142
12 42 3112
7 38 24974
11 30 31977
1 3 8406
14 48 8302
17 23 21515
26 14 25132
21 16 23748
6 16 1656
24 46 21747
32 29 20644
42 3 17407
41 40 6542
3 37 25290
5 3 11424
20 9 9611
33 30 23244
24 2 12451
2 23 31190
33 1 22208
6 39 13352
1 16 28232
48 49 8651
38 48 16333
1 4 15987
19 37 19305
44 50 7703
3 40 17196
8 17 26685
22 41 26028
46 27 2219
40 15 13209
43 47 5307
50 11 204
29 48 18555
13 48 8273
31 32 7867
46 43 8367
40 33 14617
31 9 1420
50 28 28048
15 25 29281
15 44 8653
4 32 24414
38 41 5451
19 38 25736
40 31 25945
49 27 13929
41 32 29532
27 31 23914
46 17 23270
38 29 25823
42 38 5413
24 5 24344
44 10 11881
34 29 23647
22 30 7512
29 46 3862
18 47 20593
45 4 24984
8 29 24652
11 12 20169
25 30 28077
6 18 24869
20 32 7389
13 21 4769
2 1 24165
21 32 29253
38 45 30044
42 34 12628
37 28 32283
13 4 29442
3 36 1589
25 29 6501
15 11 7635
47 33 4878
13 44 9658
41 12 10785
33 13 26493
49 9 13179
4 17 21749
6 49 28989
37 5 25176
32 35 24462
38 2 19825
25 35 2661
37 12 4145
33 4 32730
4 25 12540
38 42 22233
48 37 29146
38 4 11449
2 16 23374
31 41 1306
31 43 23989
32 45 28725
40 42 14700
35 20 23345
27 46 4783
32 49 24492
2 46 26837
21 18 13934
10 22 18165
24 13 6351
44 20 25921
22 10 6623
5 10 3277
23 35 12112
18 49 32763
29 27 14140
44 35 28237
47 22 18399
2 26 20801
40 2 25001
1 37 1612
15 8 19101
19 39 17705
47 35 18665
35 21 17637
25 9 13904
35 28 20334
1 1
45 46
16 49
41 10
6 38
34 19
43 15
31 36
44 35
50 50
